[gd_resource type="SkeletonProfile" format=3 uid="uid://64nmkuwbuwyu"]

[resource]
group_size = 1
bone_size = 38
groups/0/group_name = &""
bones/0/bone_name = &"mixamorig_Hips"
bones/0/bone_parent = &""
bones/0/tail_direction = 0
bones/0/reference_pose = Transform3D(0.980226, 0.161332, -0.114581, -0.180319, 0.966729, -0.18144, 0.0814971, 0.198513, 0.976704, 0.0285306, 0.611248, 0.00627271)
bones/0/handle_offset = Vector2(0.471545, 0.744032)
bones/0/group = &""
bones/0/require = false
bones/1/bone_name = &"mixamorig_Spine"
bones/1/bone_parent = &"mixamorig_Hips"
bones/1/tail_direction = 0
bones/1/reference_pose = Transform3D(1, 0, 0, 0, 0.999999, -0.00114492, 0, 0.00114492, 0.999999, 0, 0.129384, 0.000148135)
bones/1/handle_offset = Vector2(0.477836, 0.706314)
bones/1/group = &""
bones/1/require = false
bones/2/bone_name = &"mixamorig_Spine1"
bones/2/bone_parent = &"mixamorig_Spine"
bones/2/tail_direction = 0
bones/2/reference_pose = Transform3D(1, 0, 0, 0, 1, -2.42861e-10, 0, 2.42861e-10, 1, 0, 0.150948, 1.24598e-10)
bones/2/handle_offset = Vector2(0.485175, 0.66231)
bones/2/group = &""
bones/2/require = false
bones/3/bone_name = &"mixamorig_Spine2"
bones/3/bone_parent = &"mixamorig_Spine1"
bones/3/tail_direction = 0
bones/3/reference_pose = Transform3D(1, 0, 0, 0, 1, -2.32831e-10, 0, 2.32831e-10, 1, 0, 0.172512, 3.04221e-11)
bones/3/handle_offset = Vector2(0.493563, 0.612019)
bones/3/group = &""
bones/3/require = false
bones/4/bone_name = &"mixamorig_Neck"
bones/4/bone_parent = &"mixamorig_Spine2"
bones/4/tail_direction = 0
bones/4/reference_pose = Transform3D(1, 0, 0, 0, 0.999999, 0.00114492, 0, -0.00114492, 0.999999, 0, 0.194076, -3.11951e-10)
bones/4/handle_offset = Vector2(0.502999, 0.555442)
bones/4/group = &""
bones/4/require = false
bones/5/bone_name = &"mixamorig_Head"
bones/5/bone_parent = &"mixamorig_Neck"
bones/5/tail_direction = 0
bones/5/reference_pose = Transform3D(1, 0, 0, 0, 1, -2.90706e-12, 0, 2.90706e-12, 1, 0, 0.327932, -0.001368)
bones/5/handle_offset = Vector2(0.519004, 0.459747)
bones/5/group = &""
bones/5/require = false
bones/6/bone_name = &"mixamorig_HeadTop_End"
bones/6/bone_parent = &"mixamorig_Head"
bones/6/tail_direction = 0
bones/6/reference_pose = Transform3D(1, 0, 0, 0, 1, 0, 0, 0, 1, 0, 0.702347, -0.0029299)
bones/6/handle_offset = Vector2(0.553282, 0.254794)
bones/6/group = &""
bones/6/require = false
bones/7/bone_name = &"mixamorig_HeadTop_End_end"
bones/7/bone_parent = &"mixamorig_HeadTop_End"
bones/7/tail_direction = 0
bones/7/reference_pose = Transform3D(1, 0, 0, 0, 1, 0, 0, 0, 1, 0, 0.702353, 0)
bones/7/handle_offset = Vector2(0.587459, 0.05)
bones/7/group = &""
bones/7/require = false
bones/8/bone_name = &"mixamorig_LeftShoulder"
bones/8/bone_parent = &"mixamorig_Spine2"
bones/8/tail_direction = 0
bones/8/reference_pose = Transform3D(0.00100231, 0.963498, -0.267713, 9.50694e-06, -0.267713, -0.963499, -1, 0.000963211, -0.000277519, 0.120825, 0.159785, 0.000122636)
bones/8/handle_offset = Vector2(0.53705, 0.572016)
bones/8/group = &""
bones/8/require = false
bones/9/bone_name = &"mixamorig_LeftArm"
bones/9/bone_parent = &"mixamorig_LeftShoulder"
bones/9/tail_direction = 0
bones/9/reference_pose = Transform3D(0.999985, 0.00526117, 0.00131806, -0.00542376, 0.970011, 0.243003, -5.0175e-08, -0.243007, 0.970025, -2.52982e-10, 0.253924, -8.36954e-08)
bones/9/handle_offset = Vector2(0.60607, 0.605153)
bones/9/group = &""
bones/9/require = false
bones/10/bone_name = &"mixamorig_LeftForeArm"
bones/10/bone_parent = &"mixamorig_LeftArm"
bones/10/tail_direction = 0
bones/10/reference_pose = Transform3D(0.999984, -0.00570447, -0.000118453, 0.0057057, 0.999768, 0.0207648, -2.66264e-08, -0.0207651, 0.999784, 2.80031e-10, 0.238872, 7.54976e-08)
bones/10/handle_offset = Vector2(0.676408, 0.619863)
bones/10/group = &""
bones/10/require = false
bones/11/bone_name = &"mixamorig_LeftHand"
bones/11/bone_parent = &"mixamorig_LeftForeArm"
bones/11/tail_direction = 0
bones/11/reference_pose = Transform3D(0.996769, 0.0803243, 0.000188342, -0.0803245, 0.996766, 0.00233576, -1.15506e-07, -0.00234334, 0.999997, 3.50641e-10, 0.237232, 3.09597e-10)
bones/11/handle_offset = Vector2(0.746478, 0.633116)
bones/11/group = &""
bones/11/require = false
bones/12/bone_name = &"mixamorig_LeftHandIndex1"
bones/12/bone_parent = &"mixamorig_LeftHand"
bones/12/tail_direction = 0
bones/12/reference_pose = Transform3D(0.260979, -0.454725, -0.851537, 6.3628e-06, 0.882108, -0.471048, 0.965344, 0.122928, 0.230215, 8.28255e-09, 0.219505, -1.02839e-09)
bones/12/handle_offset = Vector2(0.811748, 0.644213)
bones/12/group = &""
bones/12/require = false
bones/13/bone_name = &"mixamorig_LeftHandIndex2"
bones/13/bone_parent = &"mixamorig_LeftHandIndex1"
bones/13/tail_direction = 0
bones/13/reference_pose = Transform3D(1, 1.07815e-05, 6.2691e-07, -1.07815e-05, 1, -3.05736e-06, -6.26943e-07, 3.05735e-06, 1, -8.09198e-09, 0.0296932, -4.54267e-09)
bones/13/handle_offset = Vector2(0.819204, 0.647407)
bones/13/group = &""
bones/13/require = false
bones/14/bone_name = &"mixamorig_LeftHandIndex3"
bones/14/bone_parent = &"mixamorig_LeftHandIndex2"
bones/14/tail_direction = 0
bones/14/reference_pose = Transform3D(1, -4.5664e-06, 1.73836e-07, 4.5664e-06, 1, 8.73091e-07, -1.7384e-07, -8.7309e-07, 1, 0.000969286, 0.026914, -0.0243019)
bones/14/handle_offset = Vector2(0.829832, 0.648273)
bones/14/group = &""
bones/14/require = false
bones/15/bone_name = &"mixamorig_LeftHandIndex4"
bones/15/bone_parent = &"mixamorig_LeftHandIndex3"
bones/15/tail_direction = 0
bones/15/reference_pose = Transform3D(1, -1.25563e-08, -3.87232e-08, 1.25563e-08, 1, 6.8902e-08, 3.87232e-08, -6.8902e-08, 1, -8.56507e-06, 0.0233449, -0.00684364)
bones/15/handle_offset = Vector2(0.836797, 0.650137)
bones/15/group = &""
bones/15/require = false
bones/16/bone_name = &"mixamorig_LeftHandIndex4_end"
bones/16/bone_parent = &"mixamorig_LeftHandIndex4"
bones/16/tail_direction = 0
bones/16/reference_pose = Transform3D(1, 0, 0, 0, 1, 0, 0, 0, 1, 0, 0.0243274, 0)
bones/16/handle_offset = Vector2(0.842905, 0.652753)
bones/16/group = &""
bones/16/require = false
bones/17/bone_name = &"mixamorig_RightShoulder"
bones/17/bone_parent = &"mixamorig_Spine2"
bones/17/tail_direction = 0
bones/17/reference_pose = Transform3D(-0.000363827, -0.963498, 0.267715, 1.19209e-06, -0.267715, -0.963498, 1, -0.000350237, 9.84669e-05, -0.120825, 0.159785, -4.41147e-05)
bones/17/handle_offset = Vector2(0.465611, 0.558864)
bones/17/group = &""
bones/17/require = false
bones/18/bone_name = &"mixamorig_RightArm"
bones/18/bone_parent = &"mixamorig_RightShoulder"
bones/18/tail_direction = 0
bones/18/reference_pose = Transform3D(1, 0.000472338, 0.000118354, -0.000486941, 0.970022, 0.243017, -1.97761e-08, -0.243017, 0.970022, -3.47208e-11, 0.253924, 7.08542e-08)
bones/18/handle_offset = Vector2(0.389975, 0.565371)
bones/18/group = &""
bones/18/require = false
bones/19/bone_name = &"mixamorig_RightForeArm"
bones/19/bone_parent = &"mixamorig_RightArm"
bones/19/tail_direction = 0
bones/19/reference_pose = Transform3D(1, 0.000516461, 1.057e-05, -0.000516569, 0.999785, 0.0207513, 1.49549e-07, -0.0207513, 0.999785, 3.29365e-10, 0.23887, 8.15596e-08)
bones/19/handle_offset = Vector2(0.319078, 0.554163)
bones/19/group = &""
bones/19/require = false
bones/20/bone_name = &"mixamorig_RightHand"
bones/20/bone_parent = &"mixamorig_RightForeArm"
bones/20/tail_direction = 0
bones/20/reference_pose = Transform3D(0.998124, -0.0612317, -0.000122153, 0.0612318, 0.998122, 0.00198985, 8.2342e-08, -0.00199359, 0.999998, -2.44244e-10, 0.237231, -7.6648e-08)
bones/20/handle_offset = Vector2(0.24888, 0.541601)
bones/20/group = &""
bones/20/require = false
bones/21/bone_name = &"mixamorig_RightHandIndex1"
bones/21/bone_parent = &"mixamorig_RightHand"
bones/21/tail_direction = 0
bones/21/reference_pose = Transform3D(0.996646, -0.0817941, 0.00243494, 0.0818303, 0.996205, -0.0296533, -2.41795e-07, 0.0297531, 0.999557, -1.02263e-09, 0.25211, -7.74602e-08)
bones/21/handle_offset = Vector2(0.174974, 0.527279)
bones/21/group = &""
bones/21/require = false
bones/22/bone_name = &"mixamorig_RightHandIndex2"
bones/22/bone_parent = &"mixamorig_RightHandIndex1"
bones/22/tail_direction = 0
bones/22/reference_pose = Transform3D(1, 3.66342e-07, -3.78595e-07, -3.6634e-07, 1, 3.72691e-06, 3.78596e-07, -3.72691e-06, 1, 1.03501e-08, 0.0174996, 8.10016e-08)
bones/22/handle_offset = Vector2(0.169914, 0.526366)
bones/22/group = &""
bones/22/require = false
bones/23/bone_name = &"mixamorig_RightHandIndex3"
bones/23/bone_parent = &"mixamorig_RightHandIndex2"
bones/23/tail_direction = 0
bones/23/reference_pose = Transform3D(1, -4.21828e-07, 3.93279e-07, 4.21827e-07, 1, 3.13862e-06, -3.9328e-07, -3.13862e-06, 1, 0.0028394, 0.0260094, -0.00398014)
bones/23/handle_offset = Vector2(0.162332, 0.523976)
bones/23/group = &""
bones/23/require = false
bones/24/bone_name = &"mixamorig_RightHandIndex4"
bones/24/bone_parent = &"mixamorig_RightHandIndex3"
bones/24/tail_direction = 0
bones/24/reference_pose = Transform3D(1, 3.48613e-08, 1.71694e-10, -3.48613e-08, 1, -1.58343e-08, -1.71694e-10, 1.58343e-08, 1, 0.00015504, 0.00905771, -0.00210803)
bones/24/handle_offset = Vector2(0.159784, 0.522892)
bones/24/group = &""
bones/24/require = false
bones/25/bone_name = &"mixamorig_RightHandIndex4_end"
bones/25/bone_parent = &"mixamorig_RightHandIndex4"
bones/25/tail_direction = 0
bones/25/reference_pose = Transform3D(1, 0, 0, 0, 1, 0, 0, 0, 1, 0, 0.00930107, 0)
bones/25/handle_offset = Vector2(0.157095, 0.522407)
bones/25/group = &""
bones/25/require = false
bones/26/bone_name = &"mixamorig_LeftUpLeg"
bones/26/bone_parent = &"mixamorig_Hips"
bones/26/tail_direction = 0
bones/26/reference_pose = Transform3D(-0.999972, 0.00752736, 6.43167e-08, -0.0075273, -0.999964, 0.00402525, 3.03639e-05, 0.00402514, 0.999992, 0.124092, -0.0720602, -0.000840162)
bones/26/handle_offset = Vector2(0.504756, 0.771747)
bones/26/group = &""
bones/26/require = false
bones/27/bone_name = &"mixamorig_LeftLeg"
bones/27/bone_parent = &"mixamorig_LeftUpLeg"
bones/27/tail_direction = 0
bones/27/reference_pose = Transform3D(0.999873, 0.0159408, 7.55999e-05, -0.015941, 0.999861, 0.00485651, 1.8273e-06, -0.0048571, 0.999988, -9.33266e-09, 0.238878, -1.63641e-10)
bones/27/handle_offset = Vector2(0.493631, 0.841547)
bones/27/group = &""
bones/27/require = false
bones/28/bone_name = &"mixamorig_LeftFoot"
bones/28/bone_parent = &"mixamorig_LeftLeg"
bones/28/tail_direction = 0
bones/28/reference_pose = Transform3D(0.999073, -0.0345157, -0.0257298, 9.12696e-08, 0.597667, -0.801745, 0.0430506, 0.801001, 0.597113, 2.35525e-10, 0.159057, -4.68949e-11)
bones/28/handle_offset = Vector2(0.4855, 0.887844)
bones/28/group = &""
bones/28/require = false
bones/29/bone_name = &"mixamorig_LeftToeBase"
bones/29/bone_parent = &"mixamorig_LeftFoot"
bones/29/tail_direction = 0
bones/29/reference_pose = Transform3D(0.9949, 0.0617476, 0.0797579, -2.23517e-08, 0.790726, -0.61217, -0.100867, 0.609048, 0.786693, 1.11417e-08, 0.236846, -1.64921e-08)
bones/29/handle_offset = Vector2(0.474111, 0.939939)
bones/29/group = &""
bones/29/require = false
bones/30/bone_name = &"mixamorig_LeftToe_End"
bones/30/bone_parent = &"mixamorig_LeftToeBase"
bones/30/tail_direction = 0
bones/30/reference_pose = Transform3D(1, 3.88166e-08, 6.29711e-08, -3.88166e-08, 1, -6.60649e-07, -6.29711e-08, 6.60649e-07, 1, 9.86863e-09, 0.102013, 6.93606e-09)
bones/30/handle_offset = Vector2(0.470099, 0.94497)
bones/30/group = &""
bones/30/require = false
bones/31/bone_name = &"mixamorig_LeftToe_End_end"
bones/31/bone_parent = &"mixamorig_LeftToe_End"
bones/31/tail_direction = 0
bones/31/reference_pose = Transform3D(1, 0, 0, 0, 1, 0, 0, 0, 1, 0, 0.102013, 0)
bones/31/handle_offset = Vector2(0.466087, 0.95)
bones/31/group = &""
bones/31/require = false
bones/32/bone_name = &"mixamorig_RightUpLeg"
bones/32/bone_parent = &"mixamorig_Hips"
bones/32/tail_direction = 0
bones/32/reference_pose = Transform3D(-0.999972, -0.00752741, -8.42442e-08, 0.00752739, -0.99997, -0.0020376, 1.52536e-05, -0.00203755, 0.999998, -0.124092, -0.0720602, 0.000946843)
bones/32/handle_offset = Vector2(0.431317, 0.758346)
bones/32/group = &""
bones/32/require = false
bones/33/bone_name = &"mixamorig_RightLeg"
bones/33/bone_parent = &"mixamorig_RightUpLeg"
bones/33/tail_direction = 0
bones/33/reference_pose = Transform3D(0.999873, -0.0159409, 2.12165e-05, 0.0159409, 0.999872, -0.00130015, -4.88313e-07, 0.00130032, 0.999999, -9.70094e-09, 0.238877, -1.1721e-10)
bones/33/handle_offset = Vector2(0.419179, 0.827872)
bones/33/group = &""
bones/33/require = false
bones/34/bone_name = &"mixamorig_RightFoot"
bones/34/bone_parent = &"mixamorig_RightLeg"
bones/34/tail_direction = 0
bones/34/reference_pose = Transform3D(0.999122, 0.0338986, 0.024625, -9.49949e-08, 0.587728, -0.809059, -0.0418988, 0.808348, 0.587212, -9.53052e-09, 0.159057, 1.22859e-10)
bones/34/handle_offset = Vector2(0.411839, 0.874316)
bones/34/group = &""
bones/34/require = false
bones/35/bone_name = &"mixamorig_RightToeBase"
bones/35/bone_parent = &"mixamorig_RightFoot"
bones/35/tail_direction = 0
bones/35/reference_pose = Transform3D(0.994969, -0.060315, -0.0799941, 1.49012e-08, 0.798467, -0.602039, 0.100185, 0.59901, 0.79445, 1.02165e-08, 0.240875, 1.2883e-08)
bones/35/handle_offset = Vector2(0.396152, 0.925926)
bones/35/group = &""
bones/35/require = false
bones/36/bone_name = &"mixamorig_RightToe_End"
bones/36/bone_parent = &"mixamorig_RightToeBase"
bones/36/tail_direction = 0
bones/36/reference_pose = Transform3D(1, -1.7098e-07, -1.75641e-07, 1.7098e-07, 1, -2.5505e-07, 1.75641e-07, 2.5505e-07, 1, 2.00064e-08, 0.103853, 3.87398e-09)
bones/36/handle_offset = Vector2(0.393201, 0.931264)
bones/36/group = &""
bones/36/require = false
bones/37/bone_name = &"mixamorig_RightToe_End_end"
bones/37/bone_parent = &"mixamorig_RightToe_End"
bones/37/tail_direction = 0
bones/37/reference_pose = Transform3D(1, 0, 0, 0, 1, 0, 0, 0, 1, 0, 0.103853, 0)
bones/37/handle_offset = Vector2(0.390249, 0.936602)
bones/37/group = &""
bones/37/require = false
